100 463
105 513
115 562
126 612
150 660
187 701
228 738
273 770
324 779
374 768
415 732
451 689
481 642
496 590
500 537
500 485
496 434
129 421
145 390
179 374
216 375
253 386
320 387
357 374
396 370
433 384
454 413
293 427
297 458
301 490
305 523
263 548
283 554
305 560
325 552
344 545
171 436
191 419
217 419
240 439
216 441
190 442
347 438
369 418
396 417
417 434
397 440
372 440
217 608
250 603
285 600
308 604
332 598
366 597
401 601
372 647
338 667
312 671
286 668
251 649
228 612
285 611
309 613
333 609
390 606
335 646
311 650
286 646
