205 529
213 590
226 650
245 712
279 765
331 807
391 841
456 869
518 870
573 853
609 805
639 757
661 704
666 646
663 590
662 535
656 482
280 485
309 454
353 437
400 434
447 442
495 443
532 427
573 423
612 430
637 459
476 482
483 518
490 555
496 593
444 622
469 627
495 633
516 623
534 612
341 500
362 488
389 484
411 497
388 505
362 508
523 487
543 470
569 467
592 476
572 487
547 489
406 710
434 688
467 679
495 682
517 673
547 676
571 687
555 721
530 740
506 746
477 746
441 734
418 708
470 693
497 693
519 688
559 690
524 718
501 725
473 725
