231 157
229 175
227 194
228 211
235 229
244 245
256 259
270 271
287 276
304 276
320 268
334 258
345 247
355 233
362 217
367 200
371 182
252 145
262 135
276 135
290 140
302 149
321 153
334 149
348 149
359 155
363 167
310 167
309 176
307 185
306 194
289 204
295 206
302 209
308 209
314 209
265 162
273 159
281 161
288 169
280 169
271 167
327 176
336 171
345 173
350 179
344 182
335 180
271 228
282 224
293 223
299 226
306 226
313 231
321 238
311 248
302 250
294 249
287 247
278 242
275 229
292 230
298 232
305 233
316 237
303 239
296 239
289 237
